1 1
2 1
3 2
4 3
5 3
6 4
7 4
8 5
9 5
10 5
11 5
12 5
13 5
14 5
15 5
16 5
17 5
18 5
19 11
20 12
21 12
22 13
23 13
24 15
25 15
26 15
27 35
28 15
29 15
30 15
31 15
32 15
33 15
34 15
35 15
36 15
37 24
38 21
39 25
40 35
41 25
42 31
43 32
44 33
45 34
46 32
47 34
48 34
49 34
50 35
51 34
52 34
53 34
54 34
55 35
56 35
57 35
58 35
59 35
60 35
61 35
62 35
63 35
64 35
65 35
66 35
67 41
68 43
69 44
70 43
71 44
72 45
73 51
74 51
75 52
76 55
77 52
78 55
79 52
80 52
81 53
82 25
83 53
84 54
85 54
86 54
87 53
88 54
89 54
90 35
91 35
92 55
93 55
94 55
95 112
96 115
97 112
98 113
99 121
100 121
101 121
102 121
103 121
104 122
105 134
106 134
107 135
108 132
109 132
110 134
111 152
112 151
113 154
114 154
115 154
116 153
117 211
118 233
119 251
120 251
121 252
122 252
123 252
124 315
125 315
126 312
127 332
128 333
129 334
130 354
131 354
132 354
133 354
134 353
135 354
136 354
137 534
138 413
139 445
140 431
141 431
142 513
143 515
144 515
145 515
146 515
147 515
148 515
149 515
150 511
151 521
152 522
153 523
154 525
155 531
156 531
157 554
158 534
159 534
160 234
161 243
162 551
163 551
164 551
165 511
166 552
167 553
168 554
169 554
170 555
171 322
172 325
173 1121
174 1121
175 1132
176 1134
177 1134
178 1121
179 3121
180 1213
181 1215
182 1221
183 1221
184 1234
185 1234
186 1234
187 1234
188 1235
189 1225
190 1322
191 1324
192 1344
193 1344
194 353
195 1354
196 21354
197 1251
198 1525
199 1525
200 1535
201 1535
202 1543
203 1553
204 1221
205 1221
206 2121
207 2134
208 2121
209 2511
210 2511
211 2511
212 2511
213 2511
214 2512
215 2521
216 2525
217 2534
218 3115
219 3113
220 151
221 3134
222 3115
223 3115
224 3112
225 3121
226 3121
227 3112
228 3113
229 1112
230 1112
231 3215
232 3312
233 3324
234 3443
235 3211
236 3351
237 3434
238 3511
239 3544
240 3515
241 3541
242 3534
243 3534
244 3534
245 3533
246 3554
247 4134
248 4134
249 4334
250 4334
251 4444
252 4434
253 4554
254 4134
255 4535
256 4535
257 4544
258 5444
259 424
260 4444
261 5112
262 5113
263 5112
264 5134
265 5152
266 5213
267 5121
268 5215
269 5213
270 5221
271 5113
272 5513
273 5512
274 55441
275 5534
276 5534
277 444
278 54434
279 11134
280 11221
281 11234
282 11234
283 11234
284 4524
285 12211
286 12215
287 12341
288 12341
289 12512
290 12534
291 13251
292 13222
293 13344
294 12154
295 13543
296 15543
297 21434
298 25111
299 25111
300 25111
301 25121
302 25121
303 25112
304 25112
305 25221
306 25221
307 25134
308 25134
309 25135
310 25121
311 25221
312 252211
313 25122
314 22431
315 25115
316 25115
317 25115
318 25214
319 25251
320 21251
321 25151
322 31121
323 31121
324 31211
325 31234
326 31234
327 31234
328 32111
329 32121
330 32121
331 32511
332 33544
333 33544
334 34315
335 35112
336 35115
337 32523
338 41344
339 41431
340 41431
341 45443
342 45534
343 51121
344 51134
345 51134
346 51211
347 51531
348 51515
349 35254
350 35254
351 53212
352 54334
353 54553
354 121212
355 212121
356 122111
357 122111
358 122111
359 125125
360 125221
361 125351
362 125221
363 125134
364 125234
365 125234
366 132522
367 135441
368 154121
369 154121
370 154333
371 151534
372 215315
373 151111
374 151221
375 151214
376 151153
377 225211
378 225211
379 251245
380 251225
381 253434
382 3544
383 3544
384 311252
385 311234
386 311234
387 311212
388 311225
389 311215
390 312315
391 314314
392 325111
393 325111
394 3211511
395 3211511
396 335441
397 335441
398 335115
399 344444
400 353334
401 413534
402 413534
403 35234
404 415334
405 431234
406 431112
407 431121
408 431113
409 434242
410 511112
411 511121
412 511534
413 51154
414 521521
415 544544
416 554534
417 554444
418 1225125
419 1251112
420 1251124
421 1251134
422 1251134
423 1251234
424 1251234
425 1253511
426 1353334
427 1544344
428 1544344
429 1511121
430 1511121
431 1511512
432 1511135
433 1511135
434 1511134
435 3151543
436 32155212
437 3251113
438 3251115
439 3431234
440 3431234
441 3443533
442 4111251
443 4155445
444 4325234
445 5115115
446 12111534
447 1211154
448 12122111
449 12155121
450 12511214
451 12511234
452 12515115
453 12524434
454 14524434
455 12541254
456 13251145
457 13533434
458 25111234
459 15112134
460 15122134
461 25112511
462 15112531
463 31112111
464 31122221
465 31511234
466 32151134
467 32411121
468 32511312
469 34112431
470 34112431
471 51154434
472 55111534
473 211121111
474 211121111
475 122125112
476 132522111
477 251125214
478 312211211
479 312211211
480 312511121
481 312511121
482 325125214
483 341511534
484 34151154
485 431325111
486 435554444
487 534335342
488 1251254312
489 1211254444
490 2112111215
491 3251154444
492 3251123554
493 4315112234
494 4532411121
495 12212511121
496 12511121
497 12212511134
498 12213545252
499 12512212511
500 15412211234
501 25121122112
502 25112512531
503 41351125112
504 121452155121
505 2511152132125
506 25115551121
507 251251251112
508 2511251211511
509 254311214444
510 31254311214444
511 31254311214444
512 41432533543211
513 212134341343452
514 554554155455421
515 4143135441515111
516 4311213123415543
517 3525112555151134
1111 X
